14 20
1 0 0 1 1 1 1 1 1 1 1 1 1 1 1 1 1 1 1 1
1 0 1 0 0 0 0 0 0 0 0 0 0 0 1 1 1 1 1 1
1 0 1 1 0 1 1 1 1 1 1 1 1 0 1 1 1 1 1 1
1 0 1 1 1 0 1 1 1 1 1 1 1 0 1 1 1 1 1 1
1 0 1 1 1 1 0 1 1 1 1 1 1 0 1 1 1 1 1 1
1 0 1 1 1 1 1 0 1 1 1 1 1 0 1 1 1 1 1 1
1 0 1 1 1 1 1 1 0 1 1 1 1 0 1 0 0 0 0 0
1 0 1 1 1 1 1 1 1 0 1 1 1 0 1 0 1 1 1 0
1 0 1 1 1 1 1 1 1 1 0 1 1 0 1 0 1 1 1 0
1 0 1 1 1 1 1 1 1 1 1 0 0 0 0 0 1 1 1 0
1 0 1 1 1 1 1 1 1 1 1 1 0 1 1 1 1 1 1 0
1 0 1 1 1 1 1 1 1 1 1 1 1 1 1 1 1 1 1 0
1 0 1 1 1 1 1 1 1 1 1 1 1 1 1 1 1 1 1 0
1 0 0 0 0 0 0 0 0 0 0 0 0 0 0 0 0 0 0 0
Source: 0 1
Destination: 1 3
Up: 1
Down: 1
Left: 1
Right: 1
Diagonal: 100